# Created by Octave 4.2.2, Sun May 05 17:15:49 2019 EEST <pericles@pericles-SATELLITE-L50-C>
# name: X
# type: matrix
# rows: 51
# columns: 1
 0.195
 0.18
 0.12
 0.178
 0.08399999999999999
 0.164
 0.131
 0.115
 0.097
 0.09899999999999999
 0.131
 0.133
 0.109
 0.07200000000000001
 0.098
 0.138
 0.122
 0.114
 0.172
 0.1
 0.09000000000000001
 0.137
 0.166
 0.109
 0.163
 0.145
 0.08699999999999999
 0.098
 0.148
 0.15
 0.097
 0.15
 0.156
 0.151
 0.123
 0.07100000000000001
 0.167
 0.08699999999999999
 0.107
 0.112
 0.094
 0.181
 0.17
 0.175
 0.158
 0.131
 0.105
 0.159
 0.15
 0.173
 0.161


